1.863424
2.335102
2.806757
3.175782
3.556440
3.937075
4.317710
4.750499
5.194898
5.639297
6.019478
6.554467
7.089433
7.613265
8.148707
8.684127
9.373379
9.921156
10.764739
11.308118
11.851497
12.323900
12.741882
13.159864
13.565692
13.983107
14.400544
14.817982
15.094422
15.512698
15.930952
16.556644
17.113379
17.670136
18.279841
18.835057
19.791451
20.342744
20.930068
21.481859
22.033651
22.729524
23.279728
23.777642
24.328390
24.879161
25.483991
26.031156
26.578299
27.145533
27.690839
28.250590
28.795737
29.340907
30.028594
30.573741
31.118866
31.587460
32.133333
32.679184
33.136644
33.683719
34.357415
34.904014
35.450635
36.026304
36.572993
37.119660
37.675283
38.221859
38.951293
39.499660
40.048027
40.470363
41.018254
41.566145
42.134467
42.682018
43.240385
43.788435
44.336485
44.928889
45.474875
46.020862
46.592812
47.140476
47.570884
48.114762
48.658639
49.080249
49.624671
50.169070
50.750317
51.297166
51.844014
52.420317
52.969773
53.521905
54.067891
54.613855
55.194603
55.741043
56.287460
56.822268
57.368707
57.915147
58.450023
58.996485
59.633424
60.179388
60.725351
61.303016
61.848730
62.394444
62.928254
63.473673
64.079433
64.625737
65.172041
65.769841
66.316281
67.125147
67.673039
68.220952
68.802744
69.349524
69.917596
70.464966
71.012336
71.573605
72.120839
72.668095
73.244399
73.792540
74.330726
74.876508
75.422268
76.037392
76.584830
77.132268
77.688912
78.235238
78.807256
79.354694
79.902132
80.460952
81.007732
81.554512
82.134694
82.681882
83.405488
83.955669
84.505850
85.093787
85.642336
86.584717
87.133719
87.699093
88.246054
88.793016
89.364626
89.912449
90.460295
91.045896
91.459184
91.872449
92.295238
92.705125
93.115034
93.524943
93.953492
94.362993
94.772494
95.367234
95.916576
96.465941
96.868889
97.415306
97.961701
98.796984
99.343537
99.921429
100.465420
101.009388
101.843492
102.386599
102.967052
103.512449
104.080952
104.627506
105.174059
105.747098
106.293719
106.840363
107.417029
107.963628
108.529932
109.076417
109.622902
110.188617
110.735737
111.282857
111.817846
112.364444
112.911043
113.784694
114.330748
114.903628
115.449524
116.315011
116.861270
117.422472
117.968957
118.515420
119.345669
119.892245
120.751247
121.298730
121.846213
122.277075
122.824036
123.417029
123.963583
124.510113
125.026259
125.573016
126.119773
126.872109
127.419819
127.979864
128.528957
129.078027
129.632744
130.179955
130.727166
131.072517
131.618844
132.165193
132.559478
133.106621
133.653741
134.461519
135.007415
135.744875
136.291451
136.863651
137.410272
137.956893
138.372245
138.916304
139.460363
139.998254
140.540499
141.082766
141.851088
142.393810
142.964875
143.510295
144.055714
144.497256
145.043855
145.590454
146.024671
146.570408
147.146077
147.690907
148.235737
148.770703
149.317279
149.863832
150.399433
150.946644
151.493832
151.919864
152.467075
153.014286
153.568912
154.104263
154.588073
155.115147
155.642200
156.308186
156.854490
157.400771
157.969025
158.515873
159.081882
159.628277
160.174649
160.747007
161.296712
161.846395
162.414331
162.960544
163.513537
164.059478
164.605420
165.139478
165.685147
166.230816
166.851293
167.396463
167.969433
168.514739
169.060068
169.639320
170.185102
170.730884
171.304150
171.850522
172.384399
172.929864
173.475351
174.009184
174.554649
175.100091
175.744875
176.289478
176.858141
177.402880
177.947596
178.480635
179.025261
179.569887
180.191293
180.736077
181.280862
181.813923
182.358594
182.890884
183.434785
183.978685
184.637007
185.181020
185.725034
186.575624
187.119932
187.653039
188.197755
188.730408
189.274671
189.818934
190.350884
190.894467
191.438050
191.969320
